1 1 1 1 1 1 1 1 1 1 1 1 1 1 1 1 1 1 1
1 1 1 1 1 1 1 1 0 0 0 0 0 3 3 3 3 3 1
1 1 1 1 1 1 0 0 0 0 0 0 0 3 3 3 3 3 1
1 1 1 1 1 0 0 0 0 0 0 0 0 3 3 3 3 3 1
1 1 1 1 0 0 0 0 0 0 0 0 0 3 3 3 3 3 1
1 1 1 0 0 0 0 0 0 1 1 1 1 1 1 1 1 1 1
1 1 1 0 0 0 0 0 1 1 1 1 1 1 1 1 1 1 1
1 1 0 0 0 0 0 1 1 1 1 1 1 1 1 1 1 1 1
1 1 0 0 0 0 1 1 1 1 1 1 1 1 1 1 1 1 1
1 0 0 0 0 1 1 1 1 1 1 1 1 1 1 1 1 1 1
1 0 0 0 0 1 1 1 1 1 1 1 1 1 1 1 1 1 1
1 0 0 0 0 1 1 1 1 1 1 1 1 1 1 1 1 1 1
1 0 0 0 0 1 1 1 1 1 1 1 1 1 1 1 1 1 1
1 2 2 2 2 1 1 1 1 1 1 1 1 1 1 1 1 1 1
1 1 1 1 1 1 1 1 1 1 1 1 1 1 1 1 1 1 1